"Id","Path","Slice Name","Alias(s)","Label","Min","Max","Must Support?","Is Modifier?","Is Summary?","Type(s)","Short","Definition","Comments","Requirements","Default Value","Meaning When Missing","Fixed Value","Pattern","Example","Minimum Value","Maximum Value","Maximum Length","Binding Strength","Binding Description","Binding Value Set","Code","Slicing Discriminator","Slicing Description","Slicing Ordered","Slicing Rules","Base Path","Base Min","Base Max","Condition(s)","Constraint(s)","Mapping: Workflow Pattern","Mapping: FiveWs Pattern Mapping","Mapping: HL7 v2 Mapping","Mapping: RIM Mapping"
"CoverageEligibilityRequest","CoverageEligibilityRequest","","","",0,*,"","","","null {[]} {[]}
","CoverageEligibilityRequest resource","The CoverageEligibilityRequest provides patient and insurance coverage information to an insurer for them to respond, in the form of an CoverageEligibilityResponse, with information regarding whether the stated coverage is valid and in-force and optionally to provide the insurance details of the policy.","","","","","","","","","",,,,,"",,,,"CoverageEligibilityRequest",0,*,"","","Request","Entity. Role, or Act"
"CoverageEligibilityRequest.id","CoverageEligibilityRequest.id","","","",0,1,"","","Y","id {[]} {[]}
","Logical id of this artifact","The logical id of the resource, as used in the URL for the resource. Once assigned, this value never changes.","The only time that a resource does not have an id is when it is being submitted to the server using a create operation.","","","","","","","","",,,,,"",,,,"Resource.id",0,1,"",""
"CoverageEligibilityRequest.meta","CoverageEligibilityRequest.meta","","","",0,1,"","","Y","Meta {[]} {[]}
","Metadata about the resource","The metadata about the resource. This is content that is maintained by the infrastructure. Changes to the content might not always be associated with version changes to the resource.","","","","","","","","","",,,,,"",,,,"Resource.meta",0,1,"","ele-1:All FHIR elements must have a @value or children {hasValue() or (children().count() > id.count())}
"
"CoverageEligibilityRequest.implicitRules","CoverageEligibilityRequest.implicitRules","","","",0,1,"","Y","Y","uri {[]} {[]}
","A set of rules under which this content was created","A reference to a set of rules that were followed when the resource was constructed, and which must be understood when processing the content. Often, this is a reference to an implementation guide that defines the special rules along with other profiles etc.","Asserting this rule set restricts the content to be only understood by a limited set of trading partners. This inherently limits the usefulness of the data in the long term. However, the existing health eco-system is highly fractured, and not yet ready to define, collect, and exchange data in a generally computable sense. Wherever possible, implementers and/or specification writers should avoid using this element. Often, when used, the URL is a reference to an implementation guide that defines these special rules as part of it's narrative along with other profiles, value sets, etc.","","","","","","","","",,,,,"",,,,"Resource.implicitRules",0,1,"","ele-1:All FHIR elements must have a @value or children {hasValue() or (children().count() > id.count())}
"
"CoverageEligibilityRequest.language","CoverageEligibilityRequest.language","","","",0,1,"","","","code {[]} {[]}
","Language of the resource content","The base language in which the resource is written.","Language is provided to support indexing and accessibility (typically, services such as text to speech use the language tag). The html language tag in the narrative applies  to the narrative. The language tag on the resource may be used to specify the language of other presentations generated from the data in the resource. Not all the content has to be in the base language. The Resource.language should not be assumed to apply to the narrative automatically. If a language is specified, it should it also be specified on the div element in the html (see rules in HTML5 for information about the relationship between xml:lang and the html lang attribute).","","","","","","","","",,"preferred","A human language.","http://hl7.org/fhir/ValueSet/languages","",,,,"Resource.language",0,1,"","ele-1:All FHIR elements must have a @value or children {hasValue() or (children().count() > id.count())}
"
"CoverageEligibilityRequest.text","CoverageEligibilityRequest.text","","narrative
htmlxhtmldisplay","",0,1,"","","","Narrative {[]} {[]}
","Text summary of the resource, for human interpretation","A human-readable narrative that contains a summary of the resource and can be used to represent the content of the resource to a human. The narrative need not encode all the structured data, but is required to contain sufficient detail to make it ""clinically safe"" for a human to just read the narrative. Resource definitions may define what content should be represented in the narrative to ensure clinical safety.","Contained resources do not have narrative. Resources that are not contained SHOULD have a narrative. In some cases, a resource may only have text with little or no additional discrete data (as long as all minOccurs=1 elements are satisfied).  This may be necessary for data from legacy systems where information is captured as a ""text blob"" or where text is additionally entered raw or narrated and encoded information is added later.","","","","","","","","",,,,,"",,,,"DomainResource.text",0,1,"","ele-1:All FHIR elements must have a @value or children {hasValue() or (children().count() > id.count())}
","Act.text?"
"CoverageEligibilityRequest.contained","CoverageEligibilityRequest.contained","","inline resources
anonymous resourcescontained resources","",0,*,"","","","Resource {[]} {[]}
","Contained, inline Resources","These resources do not have an independent existence apart from the resource that contains them - they cannot be identified independently, and nor can they have their own independent transaction scope.","This should never be done when the content can be identified properly, as once identification is lost, it is extremely difficult (and context dependent) to restore it again. Contained resources may have profiles and tags In their meta elements, but SHALL NOT have security labels.","","","","","","","","",,,,,"",,,,"DomainResource.contained",0,*,"","","N/A"
"CoverageEligibilityRequest.extension","CoverageEligibilityRequest.extension","","extensions
user content","",0,*,"","","","Extension {[]} {[]}
","Additional content defined by implementations","May be used to represent additional information that is not part of the basic definition of the resource. To make the use of extensions safe and manageable, there is a strict set of governance  applied to the definition and use of extensions. Though any implementer can define an extension, there is a set of requirements that SHALL be met as part of the definition of the extension.","There can be no stigma associated with the use of extensions by any application, project, or standard - regardless of the institution or jurisdiction that uses or defines the extensions.  The use of extensions is what allows the FHIR specification to retain a core level of simplicity for everyone.","","","","","","","","",,,,,"",,,,"DomainResource.extension",0,*,"","ele-1:All FHIR elements must have a @value or children {hasValue() or (children().count() > id.count())}
ext-1:Must have either extensions or value[x], not both {extension.exists() != value.exists()}","N/A"
"CoverageEligibilityRequest.modifierExtension","CoverageEligibilityRequest.modifierExtension","","extensions
user content","",0,*,"","Y","","Extension {[]} {[]}
","Extensions that cannot be ignored","May be used to represent additional information that is not part of the basic definition of the resource and that modifies the understanding of the element that contains it and/or the understanding of the containing element's descendants. Usually modifier elements provide negation or qualification. To make the use of extensions safe and manageable, there is a strict set of governance applied to the definition and use of extensions. Though any implementer is allowed to define an extension, there is a set of requirements that SHALL be met as part of the definition of the extension. Applications processing a resource are required to check for modifier extensions.

Modifier extensions SHALL NOT change the meaning of any elements on Resource or DomainResource (including cannot change the meaning of modifierExtension itself).","There can be no stigma associated with the use of extensions by any application, project, or standard - regardless of the institution or jurisdiction that uses or defines the extensions.  The use of extensions is what allows the FHIR specification to retain a core level of simplicity for everyone.","Modifier extensions allow for extensions that *cannot* be safely ignored to be clearly distinguished from the vast majority of extensions which can be safely ignored.  This promotes interoperability by eliminating the need for implementers to prohibit the presence of extensions. For further information, see the [definition of modifier extensions](http://hl7.org/fhir/R4/extensibility.html#modifierExtension).","","","","","","","",,,,,"",,,,"DomainResource.modifierExtension",0,*,"","ele-1:All FHIR elements must have a @value or children {hasValue() or (children().count() > id.count())}
ext-1:Must have either extensions or value[x], not both {extension.exists() != value.exists()}","N/A"
"CoverageEligibilityRequest.identifier","CoverageEligibilityRequest.identifier","","","",1,1,"","","","Identifier {[]} {[]}
","Business Identifier for coverage eligiblity request","A unique identifier assigned to this coverage eligiblity request.","","Allows coverage eligibility requests to be distinguished and referenced.","","","","","","","",,,,,"",,,,"CoverageEligibilityRequest.identifier",0,*,"","ele-1:All FHIR elements must have a @value or children {hasValue() or (children().count() > id.count())}
","Request.identifier","FiveWs.identifier"
"CoverageEligibilityRequest.status","CoverageEligibilityRequest.status","","","",1,1,"","Y","Y","code {[]} {[]}
","active | cancelled | draft | entered-in-error","The status of the resource instance.","This element is labeled as a modifier because the status contains codes that mark the resource as not currently valid.","Need to track the status of the resource as 'draft' resources may undergo further edits while 'active' resources are immutable and may only have their status changed to 'cancelled'.","","","","","","","",,"required","A code specifying the state of the resource instance.","http://hl7.org/fhir/ValueSet/fm-status|4.0.1","",,,,"CoverageEligibilityRequest.status",1,1,"","ele-1:All FHIR elements must have a @value or children {hasValue() or (children().count() > id.count())}
","Request.status","FiveWs.status"
"CoverageEligibilityRequest.priority","CoverageEligibilityRequest.priority","","","",1,1,"","","","CodeableConcept {[]} {[]}
","Desired processing priority","When the requestor expects the processor to complete processing.","","Needed to advise the prossesor on the urgency of the request.","","","","","","","",,"example","The timeliness with which processing is required: STAT, normal, Deferred.","http://hl7.org/fhir/ValueSet/process-priority","",,,,"CoverageEligibilityRequest.priority",0,1,"","ele-1:All FHIR elements must have a @value or children {hasValue() or (children().count() > id.count())}
","Request.priority","FiveWs.class"
"CoverageEligibilityRequest.purpose","CoverageEligibilityRequest.purpose","","","",1,*,"","","Y","code {[]} {[]}
","auth-requirements | benefits | discovery | validation","Code to specify whether requesting: prior authorization requirements for some service categories or billing codes; benefits for coverages specified or discovered; discovery and return of coverages for the patient; and/or validation that the specified coverage is in-force at the date/period specified or 'now' if not specified.","","To indicate the processing actions requested.","","","","","","","",,"required","A code specifying the types of information being requested.","http://hl7.org/fhir/ValueSet/eligibilityrequest-purpose|4.0.1","",,,,"CoverageEligibilityRequest.purpose",1,*,"","ele-1:All FHIR elements must have a @value or children {hasValue() or (children().count() > id.count())}
","FiveWs.class"
"CoverageEligibilityRequest.patient","CoverageEligibilityRequest.patient","","","",1,1,"","","Y","Reference {[]} {[CanonicalType[https://nrces.in/ndhm/fhir/r4/StructureDefinition/Patient]]}
","Intended recipient of products and services","The party who is the beneficiary of the supplied coverage and for whom eligibility is sought.","1..1.","Required to provide context and coverage validation.","","","","","","","",,,,,"",,,,"CoverageEligibilityRequest.patient",1,1,"","ele-1:All FHIR elements must have a @value or children {hasValue() or (children().count() > id.count())}
","Request.subject","FiveWs.subject[x]","FiveWs.subject"
"CoverageEligibilityRequest.serviced[x]","CoverageEligibilityRequest.serviced[x]","","","",0,1,"","","","date {[]} {[]}
Period {[]} {[]}","Estimated date or dates of service","The date or dates when the enclosed suite of services were performed or completed.","","Required to provide time context for the request.","","","","","","","",,,,,"",,,,"CoverageEligibilityRequest.serviced[x]",0,1,"","ele-1:All FHIR elements must have a @value or children {hasValue() or (children().count() > id.count())}
","FiveWs.done[x]"
"CoverageEligibilityRequest.created","CoverageEligibilityRequest.created","","","",1,1,"","","Y","dateTime {[]} {[]}
","Creation date","The date when this resource was created.","","Need to record a timestamp for use by both the recipient and the issuer.","","","","","","","",,,,,"",,,,"CoverageEligibilityRequest.created",1,1,"","ele-1:All FHIR elements must have a @value or children {hasValue() or (children().count() > id.count())}
","Request.authoredOn","FiveWs.recorded"
"CoverageEligibilityRequest.enterer","CoverageEligibilityRequest.enterer","","","",1,1,"","","","Reference {[]} {[CanonicalType[https://nrces.in/ndhm/fhir/r4/StructureDefinition/Practitioner], CanonicalType[https://nrces.in/ndhm/fhir/r4/StructureDefinition/PractitionerRole]]}
","Author","Person who created the request.","","Some jurisdictions require the contact information for personnel completing eligibility requests.","","","","","","","",,,,,"",,,,"CoverageEligibilityRequest.enterer",0,1,"","ele-1:All FHIR elements must have a @value or children {hasValue() or (children().count() > id.count())}
","FiveWs.author"
"CoverageEligibilityRequest.provider","CoverageEligibilityRequest.provider","","","",1,1,"","","","Reference {[]} {[CanonicalType[https://nrces.in/ndhm/fhir/r4/StructureDefinition/Practitioner], CanonicalType[https://nrces.in/ndhm/fhir/r4/StructureDefinition/Organization]]}
","Party responsible for the request","The provider which is responsible for the request.","Typically this field would be 1..1 where this party is responsible for the eligibility request but not necessarily professionally responsible for the provision of the individual products and services listed below.","Needed to identify the requestor.","","","","","","","",,,,,"",,,,"CoverageEligibilityRequest.provider",0,1,"","ele-1:All FHIR elements must have a @value or children {hasValue() or (children().count() > id.count())}
","Request.requester","FiveWs.source"
"CoverageEligibilityRequest.insurer","CoverageEligibilityRequest.insurer","","","",1,1,"","","Y","Reference {[]} {[CanonicalType[https://nrces.in/ndhm/fhir/r4/StructureDefinition/Organization]]}
","Coverage issuer","The Insurer who issued the coverage in question and is the recipient of the request.","","Need to identify the recipient.","","","","","","","",,,,,"",,,,"CoverageEligibilityRequest.insurer",1,1,"","ele-1:All FHIR elements must have a @value or children {hasValue() or (children().count() > id.count())}
","Request.performer","FiveWs.who"
"CoverageEligibilityRequest.facility","CoverageEligibilityRequest.facility","","","",0,1,"","","","Reference {[]} {[CanonicalType[http://hl7.org/fhir/StructureDefinition/Location]]}
","Servicing facility","Facility where the services are intended to be provided.","","Insurance adjudication can be dependant on where services were delivered.","","","","","","","",,,,,"",,,,"CoverageEligibilityRequest.facility",0,1,"","ele-1:All FHIR elements must have a @value or children {hasValue() or (children().count() > id.count())}
","FiveWs.where[x]"
"CoverageEligibilityRequest.supportingInfo","CoverageEligibilityRequest.supportingInfo","","","",0,*,"","","","BackboneElement {[]} {[]}
","Supporting information","Additional information codes regarding exceptions, special considerations, the condition, situation, prior or concurrent issues.","Often there are multiple jurisdiction specific valuesets which are required.","Typically these information codes are required to support the services rendered or the adjudication of the services rendered.","","","","","","","",,,,,"",,,,"CoverageEligibilityRequest.supportingInfo",0,*,"","ele-1:All FHIR elements must have a @value or children {hasValue() or (children().count() > id.count())}
"
"CoverageEligibilityRequest.supportingInfo.id","CoverageEligibilityRequest.supportingInfo.id","","","",0,1,"","","","string {[]} {[]}
","Unique id for inter-element referencing","Unique id for the element within a resource (for internal references). This may be any string value that does not contain spaces.","","","","","","","","","",,,,,"",,,,"Element.id",0,1,"","","n/a"
"CoverageEligibilityRequest.supportingInfo.extension","CoverageEligibilityRequest.supportingInfo.extension","","extensions
user content","",0,*,"","","","Extension {[]} {[]}
","Additional content defined by implementations","May be used to represent additional information that is not part of the basic definition of the element. To make the use of extensions safe and manageable, there is a strict set of governance  applied to the definition and use of extensions. Though any implementer can define an extension, there is a set of requirements that SHALL be met as part of the definition of the extension.","There can be no stigma associated with the use of extensions by any application, project, or standard - regardless of the institution or jurisdiction that uses or defines the extensions.  The use of extensions is what allows the FHIR specification to retain a core level of simplicity for everyone.","","","","","","","","",,,,,"",,,,"Element.extension",0,*,"","ele-1:All FHIR elements must have a @value or children {hasValue() or (children().count() > id.count())}
ext-1:Must have either extensions or value[x], not both {extension.exists() != value.exists()}","n/a"
"CoverageEligibilityRequest.supportingInfo.modifierExtension","CoverageEligibilityRequest.supportingInfo.modifierExtension","","extensions
user contentmodifiers","",0,*,"","Y","Y","Extension {[]} {[]}
","Extensions that cannot be ignored even if unrecognized","May be used to represent additional information that is not part of the basic definition of the element and that modifies the understanding of the element in which it is contained and/or the understanding of the containing element's descendants. Usually modifier elements provide negation or qualification. To make the use of extensions safe and manageable, there is a strict set of governance applied to the definition and use of extensions. Though any implementer can define an extension, there is a set of requirements that SHALL be met as part of the definition of the extension. Applications processing a resource are required to check for modifier extensions.

Modifier extensions SHALL NOT change the meaning of any elements on Resource or DomainResource (including cannot change the meaning of modifierExtension itself).","There can be no stigma associated with the use of extensions by any application, project, or standard - regardless of the institution or jurisdiction that uses or defines the extensions.  The use of extensions is what allows the FHIR specification to retain a core level of simplicity for everyone.","Modifier extensions allow for extensions that *cannot* be safely ignored to be clearly distinguished from the vast majority of extensions which can be safely ignored.  This promotes interoperability by eliminating the need for implementers to prohibit the presence of extensions. For further information, see the [definition of modifier extensions](http://hl7.org/fhir/R4/extensibility.html#modifierExtension).","","","","","","","",,,,,"",,,,"BackboneElement.modifierExtension",0,*,"","ele-1:All FHIR elements must have a @value or children {hasValue() or (children().count() > id.count())}
ext-1:Must have either extensions or value[x], not both {extension.exists() != value.exists()}","N/A"
"CoverageEligibilityRequest.supportingInfo.sequence","CoverageEligibilityRequest.supportingInfo.sequence","","","",1,1,"","","","positiveInt {[]} {[]}
","Information instance identifier","A number to uniquely identify supporting information entries.","","Necessary to maintain the order of the supporting information items and provide a mechanism to link to claim details.","","","","","","","",,,,,"",,,,"CoverageEligibilityRequest.supportingInfo.sequence",1,1,"","ele-1:All FHIR elements must have a @value or children {hasValue() or (children().count() > id.count())}
"
"CoverageEligibilityRequest.supportingInfo.information","CoverageEligibilityRequest.supportingInfo.information","","","",1,1,"","","","Reference {[]} {[CanonicalType[http://hl7.org/fhir/StructureDefinition/Resource]]}
","Data to be provided","Additional data or information such as resources, documents, images etc. including references to the data or the actual inclusion of the data.","Could be used to provide references to other resources, document. For example could contain a PDF in an Attachment of the Police Report for an Accident.","To convey the data content to be provided when the information is more than a simple code or period.","","","","","","","",,,,,"",,,,"CoverageEligibilityRequest.supportingInfo.information",1,1,"","ele-1:All FHIR elements must have a @value or children {hasValue() or (children().count() > id.count())}
"
"CoverageEligibilityRequest.supportingInfo.appliesToAll","CoverageEligibilityRequest.supportingInfo.appliesToAll","","","",0,1,"","","","boolean {[]} {[]}
","Applies to all items","The supporting materials are applicable for all detail items, product/servce categories and specific billing codes.","","Needed to convey that the information is universal to the request.","","","","","","","",,,,,"",,,,"CoverageEligibilityRequest.supportingInfo.appliesToAll",0,1,"","ele-1:All FHIR elements must have a @value or children {hasValue() or (children().count() > id.count())}
"
"CoverageEligibilityRequest.insurance","CoverageEligibilityRequest.insurance","","","",0,*,"","","","BackboneElement {[]} {[]}
","Patient insurance information","Financial instruments for reimbursement for the health care products and services.","All insurance coverages for the patient which may be applicable for reimbursement, of the products and services listed in the claim, are typically provided in the claim to allow insurers to confirm the ordering of the insurance coverages relative to local 'coordination of benefit' rules. One coverage (and only one) with 'focal=true' is to be used in the adjudication of this claim. Coverages appearing before the focal Coverage in the list, and where 'subrogation=false', should provide a reference to the ClaimResponse containing the adjudication results of the prior claim.","There must be at least one coverage for which eligibility is requested.","","","","","","","",,,,,"",,,,"CoverageEligibilityRequest.insurance",0,*,"","ele-1:All FHIR elements must have a @value or children {hasValue() or (children().count() > id.count())}
"
"CoverageEligibilityRequest.insurance.id","CoverageEligibilityRequest.insurance.id","","","",0,1,"","","","string {[]} {[]}
","Unique id for inter-element referencing","Unique id for the element within a resource (for internal references). This may be any string value that does not contain spaces.","","","","","","","","","",,,,,"",,,,"Element.id",0,1,"","","n/a"
"CoverageEligibilityRequest.insurance.extension","CoverageEligibilityRequest.insurance.extension","","extensions
user content","",0,*,"","","","Extension {[]} {[]}
","Additional content defined by implementations","May be used to represent additional information that is not part of the basic definition of the element. To make the use of extensions safe and manageable, there is a strict set of governance  applied to the definition and use of extensions. Though any implementer can define an extension, there is a set of requirements that SHALL be met as part of the definition of the extension.","There can be no stigma associated with the use of extensions by any application, project, or standard - regardless of the institution or jurisdiction that uses or defines the extensions.  The use of extensions is what allows the FHIR specification to retain a core level of simplicity for everyone.","","","","","","","","",,,,,"",,,,"Element.extension",0,*,"","ele-1:All FHIR elements must have a @value or children {hasValue() or (children().count() > id.count())}
ext-1:Must have either extensions or value[x], not both {extension.exists() != value.exists()}","n/a"
"CoverageEligibilityRequest.insurance.modifierExtension","CoverageEligibilityRequest.insurance.modifierExtension","","extensions
user contentmodifiers","",0,*,"","Y","Y","Extension {[]} {[]}
","Extensions that cannot be ignored even if unrecognized","May be used to represent additional information that is not part of the basic definition of the element and that modifies the understanding of the element in which it is contained and/or the understanding of the containing element's descendants. Usually modifier elements provide negation or qualification. To make the use of extensions safe and manageable, there is a strict set of governance applied to the definition and use of extensions. Though any implementer can define an extension, there is a set of requirements that SHALL be met as part of the definition of the extension. Applications processing a resource are required to check for modifier extensions.

Modifier extensions SHALL NOT change the meaning of any elements on Resource or DomainResource (including cannot change the meaning of modifierExtension itself).","There can be no stigma associated with the use of extensions by any application, project, or standard - regardless of the institution or jurisdiction that uses or defines the extensions.  The use of extensions is what allows the FHIR specification to retain a core level of simplicity for everyone.","Modifier extensions allow for extensions that *cannot* be safely ignored to be clearly distinguished from the vast majority of extensions which can be safely ignored.  This promotes interoperability by eliminating the need for implementers to prohibit the presence of extensions. For further information, see the [definition of modifier extensions](http://hl7.org/fhir/R4/extensibility.html#modifierExtension).","","","","","","","",,,,,"",,,,"BackboneElement.modifierExtension",0,*,"","ele-1:All FHIR elements must have a @value or children {hasValue() or (children().count() > id.count())}
ext-1:Must have either extensions or value[x], not both {extension.exists() != value.exists()}","N/A"
"CoverageEligibilityRequest.insurance.focal","CoverageEligibilityRequest.insurance.focal","","","",0,1,"","","","boolean {[]} {[]}
","Applicable coverage","A flag to indicate that this Coverage is to be used for evaluation of this request when set to true.","A patient may (will) have multiple insurance policies which provide reimburement for healthcare services and products. For example a person may also be covered by their spouse's policy and both appear in the list (and may be from the same insurer). This flag will be set to true for only one of the listed policies and that policy will be used for evaluating this request. Other requests would be created to request evaluation against the other listed policies.","To identify which coverage in the list is being used to evaluate this request.","","","","","","","",,,,,"",,,,"CoverageEligibilityRequest.insurance.focal",0,1,"","ele-1:All FHIR elements must have a @value or children {hasValue() or (children().count() > id.count())}
"
"CoverageEligibilityRequest.insurance.coverage","CoverageEligibilityRequest.insurance.coverage","","","",1,1,"","","","Reference {[]} {[CanonicalType[https://ig.hcxprotocol.io/v0.9/StructureDefinition-Coverage.html]]}
","Insurance information","Reference to the insurance card level information contained in the Coverage resource. The coverage issuing insurer will use these details to locate the patient's actual coverage within the insurer's information system.","","Required to allow the adjudicator to locate the correct policy and history within their information system.","","","","","","","",,,,,"",,,,"CoverageEligibilityRequest.insurance.coverage",1,1,"","ele-1:All FHIR elements must have a @value or children {hasValue() or (children().count() > id.count())}
"
"CoverageEligibilityRequest.insurance.businessArrangement","CoverageEligibilityRequest.insurance.businessArrangement","","","",0,1,"","","","string {[]} {[]}
","Additional provider contract number","A business agreement number established between the provider and the insurer for special business processing purposes.","","Providers may have multiple business arrangements with a given insurer and must supply the specific contract number for adjudication.","","","","","","","",,,,,"",,,,"CoverageEligibilityRequest.insurance.businessArrangement",0,1,"","ele-1:All FHIR elements must have a @value or children {hasValue() or (children().count() > id.count())}
"
"CoverageEligibilityRequest.item","CoverageEligibilityRequest.item","","","",0,*,"","","","BackboneElement {[]} {[]}
","Item to be evaluated for eligibiity","Service categories or billable services for which benefit details and/or an authorization prior to service delivery may be required by the payor.","","The items to be processed for the request.","","","","","","","",,,,,"",,,,"CoverageEligibilityRequest.item",0,*,"","ele-1:All FHIR elements must have a @value or children {hasValue() or (children().count() > id.count())}
"
"CoverageEligibilityRequest.item.id","CoverageEligibilityRequest.item.id","","","",0,1,"","","","string {[]} {[]}
","Unique id for inter-element referencing","Unique id for the element within a resource (for internal references). This may be any string value that does not contain spaces.","","","","","","","","","",,,,,"",,,,"Element.id",0,1,"","","n/a"
"CoverageEligibilityRequest.item.extension","CoverageEligibilityRequest.item.extension","","extensions
user content","",0,*,"","","","Extension {[]} {[]}
","Additional content defined by implementations","May be used to represent additional information that is not part of the basic definition of the element. To make the use of extensions safe and manageable, there is a strict set of governance  applied to the definition and use of extensions. Though any implementer can define an extension, there is a set of requirements that SHALL be met as part of the definition of the extension.","There can be no stigma associated with the use of extensions by any application, project, or standard - regardless of the institution or jurisdiction that uses or defines the extensions.  The use of extensions is what allows the FHIR specification to retain a core level of simplicity for everyone.","","","","","","","","",,,,,"",,,,"Element.extension",0,*,"","ele-1:All FHIR elements must have a @value or children {hasValue() or (children().count() > id.count())}
ext-1:Must have either extensions or value[x], not both {extension.exists() != value.exists()}","n/a"
"CoverageEligibilityRequest.item.modifierExtension","CoverageEligibilityRequest.item.modifierExtension","","extensions
user contentmodifiers","",0,*,"","Y","Y","Extension {[]} {[]}
","Extensions that cannot be ignored even if unrecognized","May be used to represent additional information that is not part of the basic definition of the element and that modifies the understanding of the element in which it is contained and/or the understanding of the containing element's descendants. Usually modifier elements provide negation or qualification. To make the use of extensions safe and manageable, there is a strict set of governance applied to the definition and use of extensions. Though any implementer can define an extension, there is a set of requirements that SHALL be met as part of the definition of the extension. Applications processing a resource are required to check for modifier extensions.

Modifier extensions SHALL NOT change the meaning of any elements on Resource or DomainResource (including cannot change the meaning of modifierExtension itself).","There can be no stigma associated with the use of extensions by any application, project, or standard - regardless of the institution or jurisdiction that uses or defines the extensions.  The use of extensions is what allows the FHIR specification to retain a core level of simplicity for everyone.","Modifier extensions allow for extensions that *cannot* be safely ignored to be clearly distinguished from the vast majority of extensions which can be safely ignored.  This promotes interoperability by eliminating the need for implementers to prohibit the presence of extensions. For further information, see the [definition of modifier extensions](http://hl7.org/fhir/R4/extensibility.html#modifierExtension).","","","","","","","",,,,,"",,,,"BackboneElement.modifierExtension",0,*,"","ele-1:All FHIR elements must have a @value or children {hasValue() or (children().count() > id.count())}
ext-1:Must have either extensions or value[x], not both {extension.exists() != value.exists()}","N/A"
"CoverageEligibilityRequest.item.supportingInfoSequence","CoverageEligibilityRequest.item.supportingInfoSequence","","","",0,*,"","","","positiveInt {[]} {[]}
","Applicable exception or supporting information","Exceptions, special conditions and supporting information applicable for this service or product line.","","Needed to support or inform the consideration for eligibility.","","","","","","","",,,,,"",,,,"CoverageEligibilityRequest.item.supportingInfoSequence",0,*,"","ele-1:All FHIR elements must have a @value or children {hasValue() or (children().count() > id.count())}
"
"CoverageEligibilityRequest.item.category","CoverageEligibilityRequest.item.category","","","",0,1,"","","","CodeableConcept {[]} {[]}
","Benefit classification","Code to identify the general type of benefits under which products and services are provided.","Examples include Medical Care, Periodontics, Renal Dialysis, Vision Coverage.","Needed to convey the category of service or product for which eligibility is sought.","","","","","","","",,"example","Benefit categories such as: oral, medical, vision etc.","https://ig.hcxprotocol.io/v0.9/ValueSet-claim-service-categories.html","",,,,"CoverageEligibilityRequest.item.category",0,1,"","ele-1:All FHIR elements must have a @value or children {hasValue() or (children().count() > id.count())}
"
"CoverageEligibilityRequest.item.productOrService","CoverageEligibilityRequest.item.productOrService","","","",0,1,"","","","CodeableConcept {[]} {[]}
","Billing, service, product, or drug code","This contains the product, service, drug or other billing code for the item.","Code to indicate the Professional Service or Product supplied (e.g. CTP, HCPCS, USCLS, ICD10, NCPDP, DIN, RxNorm, ACHI, CCI).","Needed to convey the actual service or product for which eligibility is sought.","","","","","","","",,"example","Allowable service and product codes.","https://ig.hcxprotocol.io/v0.9/ValueSet-claim-service-codes.html","",,,,"CoverageEligibilityRequest.item.productOrService",0,1,"","ele-1:All FHIR elements must have a @value or children {hasValue() or (children().count() > id.count())}
"
"CoverageEligibilityRequest.item.modifier","CoverageEligibilityRequest.item.modifier","","","",0,*,"","","","CodeableConcept {[]} {[]}
","Product or service billing modifiers","Item typification or modifiers codes to convey additional context for the product or service.","For example in Oral whether the treatment is cosmetic or associated with TMJ, or for Medical whether the treatment was outside the clinic or out of office hours.","To support provision of the item or to charge an elevated fee.","","","","","","","",,"example","Item type or modifiers codes, eg for Oral whether the treatment is cosmetic or associated with TMJ, or an appliance was lost or stolen.","http://hl7.org/fhir/ValueSet/claim-modifiers","",,,,"CoverageEligibilityRequest.item.modifier",0,*,"","ele-1:All FHIR elements must have a @value or children {hasValue() or (children().count() > id.count())}
"
"CoverageEligibilityRequest.item.provider","CoverageEligibilityRequest.item.provider","","","",0,1,"","","","Reference {[]} {[CanonicalType[https://nrces.in/ndhm/fhir/r4/StructureDefinition/Practitioner], CanonicalType[https://nrces.in/ndhm/fhir/r4/StructureDefinition/PractitionerRole]]}
","Perfoming practitioner","The practitioner who is responsible for the product or service to be rendered to the patient.","","Needed to support the evaluation of the eligibility.","","","","","","","",,,,,"",,,,"CoverageEligibilityRequest.item.provider",0,1,"","ele-1:All FHIR elements must have a @value or children {hasValue() or (children().count() > id.count())}
","Request.requester","FiveWs.source"
"CoverageEligibilityRequest.item.quantity","CoverageEligibilityRequest.item.quantity","","","",0,1,"","","","Quantity {[CanonicalType[http://hl7.org/fhir/StructureDefinition/SimpleQuantity]]} {[]}
","Count of products or services","The number of repetitions of a service or product.","","Required when the product or service code does not convey the quantity provided.","","","","","","","",,,,,"",,,,"CoverageEligibilityRequest.item.quantity",0,1,"","ele-1:All FHIR elements must have a @value or children {hasValue() or (children().count() > id.count())}
"
"CoverageEligibilityRequest.item.unitPrice","CoverageEligibilityRequest.item.unitPrice","","","",0,1,"","","","Money {[]} {[]}
","Fee, charge or cost per item","The amount charged to the patient by the provider for a single unit.","","Needed to support the evaluation of the eligibility.","","","","","","","",,,,,"",,,,"CoverageEligibilityRequest.item.unitPrice",0,1,"","ele-1:All FHIR elements must have a @value or children {hasValue() or (children().count() > id.count())}
"
"CoverageEligibilityRequest.item.facility","CoverageEligibilityRequest.item.facility","","","",0,1,"","","","Reference {[]} {[CanonicalType[http://hl7.org/fhir/StructureDefinition/Location], CanonicalType[https://nrces.in/ndhm/fhir/r4/StructureDefinition/Organization]]}
","Servicing facility","Facility where the services will be provided.","","Needed to support the evaluation of the eligibility.","","","","","","","",,,,,"",,,,"CoverageEligibilityRequest.item.facility",0,1,"","ele-1:All FHIR elements must have a @value or children {hasValue() or (children().count() > id.count())}
"
"CoverageEligibilityRequest.item.diagnosis","CoverageEligibilityRequest.item.diagnosis","","","",0,*,"","","","BackboneElement {[]} {[]}
","Applicable diagnosis","Patient diagnosis for which care is sought.","","Needed to support the evaluation of the eligibility.","","","","","","","",,,,,"",,,,"CoverageEligibilityRequest.item.diagnosis",0,*,"","ele-1:All FHIR elements must have a @value or children {hasValue() or (children().count() > id.count())}
","Request.reasonReference"
"CoverageEligibilityRequest.item.diagnosis.id","CoverageEligibilityRequest.item.diagnosis.id","","","",0,1,"","","","string {[]} {[]}
","Unique id for inter-element referencing","Unique id for the element within a resource (for internal references). This may be any string value that does not contain spaces.","","","","","","","","","",,,,,"",,,,"Element.id",0,1,"","","n/a"
"CoverageEligibilityRequest.item.diagnosis.extension","CoverageEligibilityRequest.item.diagnosis.extension","","extensions
user content","",0,*,"","","","Extension {[]} {[]}
","Additional content defined by implementations","May be used to represent additional information that is not part of the basic definition of the element. To make the use of extensions safe and manageable, there is a strict set of governance  applied to the definition and use of extensions. Though any implementer can define an extension, there is a set of requirements that SHALL be met as part of the definition of the extension.","There can be no stigma associated with the use of extensions by any application, project, or standard - regardless of the institution or jurisdiction that uses or defines the extensions.  The use of extensions is what allows the FHIR specification to retain a core level of simplicity for everyone.","","","","","","","","",,,,,"",,,,"Element.extension",0,*,"","ele-1:All FHIR elements must have a @value or children {hasValue() or (children().count() > id.count())}
ext-1:Must have either extensions or value[x], not both {extension.exists() != value.exists()}","n/a"
"CoverageEligibilityRequest.item.diagnosis.modifierExtension","CoverageEligibilityRequest.item.diagnosis.modifierExtension","","extensions
user contentmodifiers","",0,*,"","Y","Y","Extension {[]} {[]}
","Extensions that cannot be ignored even if unrecognized","May be used to represent additional information that is not part of the basic definition of the element and that modifies the understanding of the element in which it is contained and/or the understanding of the containing element's descendants. Usually modifier elements provide negation or qualification. To make the use of extensions safe and manageable, there is a strict set of governance applied to the definition and use of extensions. Though any implementer can define an extension, there is a set of requirements that SHALL be met as part of the definition of the extension. Applications processing a resource are required to check for modifier extensions.

Modifier extensions SHALL NOT change the meaning of any elements on Resource or DomainResource (including cannot change the meaning of modifierExtension itself).","There can be no stigma associated with the use of extensions by any application, project, or standard - regardless of the institution or jurisdiction that uses or defines the extensions.  The use of extensions is what allows the FHIR specification to retain a core level of simplicity for everyone.","Modifier extensions allow for extensions that *cannot* be safely ignored to be clearly distinguished from the vast majority of extensions which can be safely ignored.  This promotes interoperability by eliminating the need for implementers to prohibit the presence of extensions. For further information, see the [definition of modifier extensions](http://hl7.org/fhir/R4/extensibility.html#modifierExtension).","","","","","","","",,,,,"",,,,"BackboneElement.modifierExtension",0,*,"","ele-1:All FHIR elements must have a @value or children {hasValue() or (children().count() > id.count())}
ext-1:Must have either extensions or value[x], not both {extension.exists() != value.exists()}","N/A"
"CoverageEligibilityRequest.item.diagnosis.diagnosis[x]","CoverageEligibilityRequest.item.diagnosis.diagnosis[x]","","","",0,1,"","","","CodeableConcept {[]} {[]}
Reference {[]} {[CanonicalType[https://nrces.in/ndhm/fhir/r4/StructureDefinition/Condition]]}","Nature of illness or problem","The nature of illness or problem in a coded form or as a reference to an external defined Condition.","","Provides health context for the evaluation of the products and/or services.","","","","","","","",,"example","ICD10 Diagnostic codes.","http://hl7.org/fhir/ValueSet/icd-10","",,,,"CoverageEligibilityRequest.item.diagnosis.diagnosis[x]",0,1,"","ele-1:All FHIR elements must have a @value or children {hasValue() or (children().count() > id.count())}
"
"CoverageEligibilityRequest.item.detail","CoverageEligibilityRequest.item.detail","","","",0,*,"","","","Reference {[]} {[CanonicalType[http://hl7.org/fhir/StructureDefinition/Resource]]}
","Product or service details","The plan/proposal/order describing the proposed service in detail.","","Needed to provide complex service proposal such as a Device or a plan.","","","","","","","",,,,,"",,,,"CoverageEligibilityRequest.item.detail",0,*,"","ele-1:All FHIR elements must have a @value or children {hasValue() or (children().count() > id.count())}
"
